随机种子: 42
序列长度: 150
序列数据:
[142, 150, 158, 164, 170, 174, 175, 175, 173, 169, 163, 156, 148, 139, 131, 124, 117, 112, 109, 108, 108, 111, 116, 122, 129, 137, 146, 154, 161, 168, 172, 173, 170, 169, 173, 173, 168, 171, 170, 167, 173, 171, 167, 170, 166, 156, 134, 166, 149, 135, 167, 123, 122, 154, 158, 151, 162, 159, 164, 110, 144, 158, 114, 128, 116, 146, 138, 140, 142, 144, 146, 148, 150, 152, 154, 156, 158, 160, 162, 58, 57, 56, 55, 54, 53, 52, 51, 50, 49, 48, 47, 46, 45, 44, 43, 42, 41, 40, 39, 38, 37, 36, 35, 34, 33, 32, 134, 135, 130, 128, 131, 129, 135, 131, 129, 133, 133, 103, 101, 99, 97, 95, 93, 91, 89, 87, 85, 83, 81, 79, 93, 96, 100, 103, 106, 109, 111, 112, 113, 113, 113, 112, 110, 108, 105, 102, 98, 95, 91, 87]

最优分段方案:
段 1: [0, 4), 长度=4
段 2: [4, 10), 长度=6
段 3: [10, 13), 长度=3
段 4: [13, 26), 长度=13
段 5: [26, 29), 长度=3
段 6: [29, 45), 长度=16
段 7: [45, 65), 长度=20
段 8: [65, 71), 长度=6
段 9: [71, 79), 长度=8
段 10: [79, 83), 长度=4
段 11: [83, 90), 长度=7
段 12: [90, 98), 长度=8
段 13: [98, 106), 长度=8
段 14: [106, 117), 长度=11
段 15: [117, 122), 长度=5
段 16: [122, 131), 长度=9
段 17: [131, 137), 长度=6
段 18: [137, 142), 长度=5
段 19: [142, 145), 长度=3
段 20: [145, 150), 长度=5

最小存储位数: 885
压缩率: 26.25%
